-0.0113   -0.0208   -0.0632    0.0120   -0.0281   -0.0337   -0.0549
    0.1568    0.2008    0.1582    0.1666    0.2274    0.1558    0.1742
   -0.1087   -0.0902   -0.0999   -0.1043   -0.0705   -0.1056   -0.0955
   -0.2255    0.0330    0.1795   -0.1321    0.9169    0.6484    0.5578
    1.3024    1.0952    1.1855    1.2652    1.0477    1.3727    1.2090
    1.3246    1.5311    2.1714    0.8747    1.6101    1.7167    1.9670

  Columns 8 through 11

   -0.0680   -0.0035   -0.0443    0.0059
    0.1961    0.2007    0.1444    0.1792
   -0.0822   -0.0923   -0.1045   -0.0935
    0.2417   -0.5486    0.6222   -0.5423
    1.0268    1.0425    1.4285    1.1175
    2.0129    1.4419    1.8002    0.8392